[LEFT_CAM_2K]
fx=1397.84
fy=1397.84
cx=1137.42
cy=592.286
k1=-0.169008
k2=0.026327

[RIGHT_CAM_2K]
fx=1399.49
fy=1399.49
cx=1135.95
cy=594.575
k1=-0.168939
k2=0.0257153

[STEREO]
CV_2K=-0.0096662
RX_2K=-0.00822239
RZ_2K=-0.00104727
BaseLine=119.997
CV_FHD=-0.0096662
RX_FHD=-0.00822239
RZ_FHD=-0.00104727
CV_HD=-0.0096662
RX_HD=-0.00822239
RZ_HD=-0.00104727
CV_VGA=-0.0096662
RX_VGA=-0.00822239
RZ_VGA=-0.00104727

[LEFT_CAM_FHD]
fx=1397.84
fy=1397.84
cx=993.423
cy=511.286
k1=-0.169008
k2=0.026327

[RIGHT_CAM_FHD]
fx=1399.49
fy=1399.49
cx=991.946
cy=513.575
k1=-0.168939
k2=0.0257153

[LEFT_CAM_HD]
fx=698.922
fy=698.922
cx=655.211
cy=344.143
k1=-0.169008
k2=0.026327

[RIGHT_CAM_HD]
fx=699.744
fy=699.744
cx=654.473
cy=345.287
k1=-0.168939
k2=0.0257153

[LEFT_CAM_VGA]
fx=349.461
fy=349.461
cx=342.606
cy=179.072
k1=-0.169008
k2=0.026327

[RIGHT_CAM_VGA]
fx=349.872
fy=349.872
cx=342.236
cy=179.644
k1=-0.168939
k2=0.0257153
